Test 1: 1
--- Input ---
 
3 2 
10 20
1 60
100 60
50 10
1000 50

--- Expected output (numbers)---

210500
1 1
0
2 1 2

Test 2: 2
--- Input ---

3 2 
4 1
3 3
1 1 
1000 1
50 2

--- Expected output (numbers)---

7800
1 1
2 1 2
1 1

Test 3: 3
--- Input ---

10 4
10 67
8 50
10 87
10 74
10 59
9 38
4 4
8 39
5 20
8 70
1 5
8 7
12 11
17 19

--- Expected output (numbers)---

7150
4 4 3 2 1
0
4 4 3 2 1
0
4 4 3 2 1
3 4 3 2
0
3 4 3 2
0
4 4 3 2 1

Test 4: 4
--- Input ---

10 4
3 84
3 100
5 16
5 82
7 4
2 48
9 11
10 37
9 73
4 14
4 18
20 19
13 12
6 13

--- Expected output (numbers)---

3486
4 4 3 2 1
4 4 3 2 1
0
4 4 3 2 1
0
3 4 3 2
0
2 4 2
4 4 3 2 1
1 3