4 4 
1 2 3 4 5 
2 3 5 6 7 
3 4 7 1 2 
4 1 2 3 4

6 5
1 2 1 7 2 
2 3 2 8 1
3 4 10 1 4
4 5 1 3 2
5 6 3 9 2

Test 3: 3 
--- Input ---

3 3
1 2 2 3 5
2 3 3 4 6
1 3 1 5 7

--- Expected output (numbers)---

0
3
5
2
2
11

Test 4: 4
--- Input ---

5 6
1 2 3 2 5
1 3 4 3 4
1 4 5 4 3
2 5 6 2 6
3 5 7 4 2
4 5 8 3 5

--- Expected output (numbers)---

0
2
3
4
4
6
6
14

Test 5: 5
--- Input ---

6 7
1 2 3 2 5
2 3 4 3 6
3 4 5 1 7
4 5 6 4 2
5 6 7 5 8
1 6 3 3 4
2 5 2 6 3

--- Expected output (numbers)---

0
2
5
6
8
3
5
5
20
5

Test 6: 6
--- Input ---

4 5
1 2 1 2 5
2 3 2 3 6
3 4 3 1 7
1 4 4 4 8
1 3 1 5 4

--- Expected output (numbers)---

0
2
5
4
4
3
16


Test 7: 7
--- Input ---

5 6
1 2 3 2 4
1 3 2 3 6
2 3 4 1 5
3 4 5 2 3
4 5 6 4 2
3 5 2 5 7

--- Expected output (numbers)---

0
2
3
5
8
5
5
14


Test 8: 8
--- Input ---

10 15
1 2 3 2 5
1 3 4 3 6
1 4 5 1 7
2 4 3 4 2
3 4 4 5 3
4 5 5 6 4
2 5 7 7 5
2 6 8 3 4
3 7 6 4 5
4 8 10 5 6
5 9 9 6 7
6 10 12 4 8
7 8 11 5 4
8 9 14 6 3
9 10 15 7 2

--- Expected output (numbers)---

0
2
3
1
7
5
7
6
12
9
14
12
32


Test 9: 9
--- Input ---

8 10
1 2 3 2 5
1 3 4 3 6
1 4 5 1 7
2 4 3 4 2
3 4 4 5 3
4 5 5 6 4
5 6 7 7 5
6 7 8 3 4
6 8 9 4 5
7 8 10 5 6

--- Expected output (numbers)---

0
2
3
1
7
14
17
18
9
9
28